DURATION_SECONDS: 710.18149
END_TIME: 2024-11-26 10:03:17.957206
START_TIME: 2024-11-26 09:51:27.775716
